1, 1.5000000000000000e+00, 5.0000000000000000e-01, 0.0000000000000000e+00, 0.0000000000000000e+00 
2, 1.4166666666666667e+00, 8.3333333333333259e-02, -1.0000000000000000e+00, 2.5000000000000000e+00 
3, 1.4142156862745099e+00, 2.4509803921568540e-03, 6.0000000000000000e+00, 7.0000000000000000e+00 
4, 1.4142135623746899e+00, 2.1238998200168169e-06, 1.0000000000000000e+00, 5.0000000000000000e+00 
5, 1.4142135623730951e+00, 1.5947243525715749e-12, 1.7647058823529413e-01, 8.2352941176470584e-01 
6, 1.4142135623730949e+00, 2.2204460492503131e-16, -1.0000000000000000e+00, 1.1764705882352942e+00 
7, 1.4142135623730951e+00, 2.2204460492503131e-16, -8.9630931458699492e-02, 9.1036906854130051e-01 
8, 1.4142135623730949e+00, 2.2204460492503131e-16, 1.0000000000000000e+00, 1.0896309314586996e+00 
9, 1.4142135623730951e+00, 2.2204460492503131e-16, 4.4996208837981770e-02, 9.5500379116201828e-01 
10, 1.4142135623730949e+00, 2.2204460492503131e-16, -1.0000000000000000e+00, 1.0449962088379818e+00 
11, 1.4142135623730951e+00, 2.2204460492503131e-16, -2.2520902991313825e-02, 9.7747909700868618e-01 
12, 1.4142135623730949e+00, 2.2204460492503131e-16, 1.0000000000000000e+00, 1.0225209029913138e+00 
13, 1.4142135623730951e+00, 2.2204460492503131e-16, 1.1263307820238148e-02, 9.8873669217976190e-01 
14, 1.4142135623730949e+00, 2.2204460492503131e-16, -1.0000000000000000e+00, 1.0112633078202382e+00 
15, 1.4142135623730951e+00, 2.2204460492503131e-16, -5.6320111545088460e-03, 9.9436798884549116e-01 
16, 1.4142135623730949e+00, 2.2204460492503131e-16, 1.0000000000000000e+00, 1.0056320111545090e+00 
17, 1.4142135623730951e+00, 2.2204460492503131e-16, 2.8160502391771582e-03, 9.9718394976082281e-01 
18, 1.4142135623730949e+00, 2.2204460492503131e-16, -1.0000000000000000e+00, 1.0028160502391772e+00 
19, 1.4142135623730951e+00, 2.2204460492503131e-16, -1.4080307025281544e-03, 9.9859196929747185e-01 
20, 1.4142135623730949e+00, 2.2204460492503131e-16, 1.0000000000000000e+00, 1.0014080307025282e+00 
